Schewefel,5
-2067.82411,0.227
-1915.15024,0.202
-2060.67826,0.184
-2060.47157,0.182
-1941.43985,0.22
-2094.8089,0.19834
-2094.49914,0.206
-1976.1651,0.188
-1853.21553,0.201
-1975.57171,0.195
-1942.13689,0.18608
-1975.8827,0.234
-2094.8098,0.22
-2060.36757,0.189
-1942.13612,0.191
-1903.87986,0.188
-2094.70709,0.202
-2060.36728,0.202
-1873.76333,0.193
-1963.58456,0.196
-1942.23898,0.199
-1942.13688,0.206
-1929.55574,0.195
-1942.23499,0.185
-1976.1651,0.192
-1963.79127,0.199
-1976.06143,0.209
-1942.03323,0.211
-1976.37208,0.191
-2060.47032,0.189
Schewefel,10
-3683.05369,1.647
-3661.11154,1.508
-3852.7491,1.43003
-3717.98611,1.37096
-3951.93797,1.326
-3821.51186,1.376
-3649.89556,1.279
-3761.11737,1.505
-3764.20856,1.286
-3680.11527,1.252
-3808.44841,1.255
-3884.3767,1.292
-3925.06175,1.31
-3963.14493,1.284
-3829.58177,1.272
-4121.04646,1.309
-3752.93839,1.25699
-3670.85984,1.311
-3683.84761,1.298
-3717.60353,1.306
-3833.71283,1.277
-3634.91869,1.318
-3649.90188,1.325
-3967.88321,1.357
-3717.98626,1.327
-3824.77231,1.463
-3998.48267,1.314
-3611.04622,1.299
-3684.23996,1.327
-3656.37925,1.288
Schewefel,30
-10871.29413,36.30496
-10792.10063,36.21595
-10729.66227,37.57795
-10464.3488,38.45095
-10370.45642,36.63695
-10696.16947,36.85495
-10915.35921,35.16895
-10602.50251,36.39295
-10750.70768,39.40795
-11029.67216,36.69299
-10493.35606,35.81692
-10575.85859,35.70198
-10705.70373,35.90797
-10586.07654,35.10895
-10722.03956,35.06295
-10833.05655,36.70095
-10265.512,36.60595
-10648.48105,35.50695
-11096.22077,35.86795
-10996.77015,36.79095
-10984.79265,37.57095
-10878.74697,37.00395
-10930.55985,37.92293
-10786.74371,37.14995
-10997.83308,36.18095
-10473.90859,35.61296
-10978.44419,35.17395
-10672.69928,35.87804
-11185.02011,35.34195
-10813.9527,35.49795
Michalewicz,5
-3.69303,0.095
-3.66533,0.071
-3.68219,0.072
-3.69742,0.06899
-3.66899,0.063
-3.57816,0.058
-3.6521,0.063
-3.69379,0.069
-3.6772,0.06299
-3.6772,0.059
-3.6772,0.062
-3.69883,0.069
-3.6909,0.06
-3.69379,0.062
-3.69819,0.063
-3.67779,0.06
-3.6816,0.059
-3.6654,0.07599
-3.65709,0.07
-3.65576,0.063
-3.62804,0.061
-3.6955,0.06
-3.6909,0.059
-3.69886,0.061
-3.69886,0.064
-3.69825,0.071
-3.65586,0.062
-3.69886,0.058
-3.49324,0.066
-3.69438,0.063
Michalewicz,10
-8.13187,0.544
-8.1581,0.57599
-7.62758,0.54704
-7.97282,0.559
-8.01795,0.545
-8.33986,0.55208
-8.19345,0.576
-8.05257,0.565
-8.23144,0.547
-7.69022,0.56
-8.08752,0.549
-7.48933,0.575
-7.77308,0.564
-8.00104,0.554
-8.19931,0.558
-7.82288,0.578
-8.12656,0.582
-8.08889,0.571
-7.95762,0.547
-7.67118,0.573
-8.1262,0.52
-8.33149,0.555
-8.11257,0.56161
-8.37999,0.55
-7.93214,0.547
-7.94587,0.542
-8.31075,0.546
-8.00713,0.565
-8.16453,0.557
-7.88558,0.545
Michalewicz,30
-24.17076,16.05258
-24.58119,15.97098
-25.75975,16.24199
-24.81913,15.43298
-25.60305,14.98898
-24.54448,15.71298
-24.11764,15.00898
-25.70613,15.32498
-24.90476,15.41998
-24.7079,15.73699
-26.11752,15.40798
-24.33566,15.21898
-25.53539,15.31198
-25.20053,15.58203
-24.42732,15.18998
-25.42568,15.41398
-24.5851,15.38997
-23.97406,15.71798
-24.77847,15.60897
-24.63045,15.43698
-24.91858,15.58498
-24.72658,15.53798
-24.98558,15.89498
-24.73961,15.24098
-24.96325,15.80098
-25.32028,15.57634
-24.82189,14.76998
-25.13854,15.82898
-24.5412,15.88298
-24.74314,15.42007
Rastrigin,5
3.4666,0.085
2.99498,0.07
2.23078,0.076
4.23081,0.068
1.23582,0.062
3.97983,0.064
3.97983,0.065
4.70748,0.065
3.22574,0.058
3.98489,0.06
1.98992,0.058
3.4666,0.058
2.00002,0.062
0.99496,0.06
3.23079,0.064
3.23079,0.06
1.99497,0.063
4.23081,0.063
1.98992,0.055
2.23078,0.063
2.23583,0.06
0.0,0.062
3.22574,0.061
3.23079,0.06
0.99496,0.062
1.23582,0.062
0.99496,0.06
4.46156,0.067
2.98993,0.083
2.00002,0.062
Rastrigin,10
5.22071,0.531
8.98998,0.503
9.20055,0.533
13.12395,0.539
13.10255,0.542
9.44141,0.508
9.22074,0.538
2.23078,0.513
7.21063,0.521
4.22575,0.54
14.3185,0.54
13.31848,0.527
10.44142,0.552
8.16903,0.515
13.46668,0.537
9.22074,0.506
10.63091,0.544
10.4558,0.513
7.45149,0.52
11.9282,0.516
10.68228,0.52096
10.14413,0.523
10.93324,0.518
10.67723,0.518
10.1955,0.51105
8.44645,0.549
10.38499,0.513
6.45653,0.521
4.70748,0.512
9.38498,0.524
Rastrigin,30
35.4624,14.97198
49.63891,14.90098
35.44723,15.14699
52.41324,15.72198
33.61651,14.81198
37.66791,15.45298
41.62283,14.67999
42.30445,15.07639
37.89364,14.53899
34.58148,14.70299
43.27767,14.848
30.54875,14.78698
34.48883,14.95098
37.14459,14.62898
38.67297,15.35598
32.20131,15.68998
36.18619,15.11302
38.73444,14.64798
30.92387,14.82598
32.9756,15.15499
34.52892,15.07846
34.66316,15.08897
36.4321,15.28798
43.82717,14.906
43.33353,14.97798
42.5147,15.02898
46.2272,14.76799
35.20134,14.88998
41.63292,14.59598
36.9091,14.99498
De_Jong,5
0.0,0.094
0.0,0.081
0.0,0.079
0.0,0.075
0.0,0.075
0.0,0.076
0.0,0.07
0.0,0.074
0.0,0.083
0.0,0.075
0.0,0.073
0.0,0.074
0.0,0.075
0.0,0.074
0.0,0.073
0.0,0.074
0.0,0.074
0.0,0.075
0.0,0.085
0.0,0.071
0.0,0.082
0.0,0.073
0.0,0.073
0.0,0.07
0.0,0.072
0.0,0.078
0.0,0.082
0.0,0.077
0.0,0.076
0.0,0.075
De_Jong,10
0.0,0.643
0.0,0.639
0.0,0.652
0.0,0.636
0.0,0.645
0.0,0.637
0.0,0.639
0.0,0.652
0.0,0.64701
0.0,0.646
0.0,0.652
0.0,0.681
0.0,0.641
0.0,0.664
0.0,0.644
0.0,0.643
0.0,0.656
0.0,0.629
0.0,0.645
0.0,0.653
0.0,0.633
0.0,0.665
0.0,0.661
0.0,0.645
0.0,0.651
0.0,0.671
0.0,0.643
0.0,0.67221
0.0,0.667
0.0,0.64
De_Jong,30
0.0,19.51297
0.0,19.01597
0.0,19.45798
0.0,18.47897
0.0,19.27498
0.0,17.39498
0.0,18.13395
0.0,17.76998
0.0,17.30072
0.0,17.22998
0.0,17.41398
0.0,17.26298
0.0,17.45398
0.0,17.30498
0.0,17.54693
0.0,17.25098
0.0,17.32198
0.0,16.94498
0.0,17.18698
0.0,17.56198
0.0,17.42298
0.0,17.19529
0.0,17.03798
0.0,17.41898
0.0,16.93999
0.0,17.50298
0.0,17.13798
0.0,17.05198
0.0,17.15398
0.0,17.16898
