Schewefel,5
-1714.32854,0.175
-1826.30699,0.15138
-1942.13613,0.14194
-1992.10355,0.148
-1776.60156,0.128
-1942.23932,0.132
-1963.48091,0.14404
-1915.24834,0.127
-1853.31857,0.127
-1806.99286,0.13308
-1942.13133,0.169
-1823.69857,0.151
-1963.79127,0.145
-1957.97231,0.141
-1845.24928,0.13
-1963.89493,0.137
-1811.22108,0.129
-1895.42452,0.15098
-1976.26258,0.16
-2026.33909,0.126
-1823.58935,0.131
-1764.30199,0.132
-1807.09652,0.135
-1942.13612,0.13
-1929.45209,0.148
-1976.36562,0.135
-1963.68762,0.125
-1798.5369,0.141
-1857.8241,0.123
-1832.66876,0.13
Schewefel,10
-3538.13089,1.603
-3538.02711,1.426
-3528.25126,1.314
-3706.43334,1.252
-3703.17131,1.231
-3426.73361,1.179
-3481.69681,1.182
-3621.5341,1.11804
-3482.23453,1.25096
-3337.6641,1.175
-3887.42439,1.097
-3518.60063,1.13
-3491.21105,1.14
-3406.51976,1.126
-3560.98105,1.141
-3599.16611,1.121
-3490.61857,1.081
-3550.59636,1.132
-3318.78362,1.104
-3545.9986,1.101
-3522.82676,1.071
-3531.93096,1.092
-3615.86751,1.12
-3643.36992,1.129
-3652.5528,1.07
-3456.15386,1.082
-3565.74723,1.084
-3453.35171,1.097
-3645.38849,1.117
-3587.40764,1.145
Schewefel,30
-10473.29165,31.52896
-10665.64629,31.61096
-10376.94142,31.97296
-10359.02828,32.20596
-10025.23291,32.86196
-9955.79574,32.27096
-10080.71372,32.31396
-10463.02656,31.40296
-10209.19903,30.93696
-10265.78678,34.73396
-10391.11806,32.38896
-10003.47883,31.29396
-9976.66205,30.56596
-9898.77849,31.09598
-10227.10438,31.52198
-9984.92168,30.95896
-10600.72886,30.24496
-10316.41642,30.92596
-10301.56127,30.43096
-10712.98865,30.93996
-9867.40621,30.77096
-10374.04424,30.28696
-10057.84802,30.43296
-9979.11398,30.24896
-9928.5186,30.10296
-10319.33473,30.37096
-10571.5704,30.71196
-10240.56333,30.25398
-10106.50769,30.53696
-10112.33246,30.60696
Michalewicz,5
-3.6698,0.079
-3.65146,0.058
-3.68219,0.056
-3.6772,0.043
-3.47901,0.047
-3.6772,0.045
-3.68145,0.045
-3.69884,0.045
-3.53417,0.045
-3.68218,0.046
-3.6521,0.045
-3.51893,0.044
-3.65708,0.05803
-3.65045,0.04597
-3.69379,0.044
-3.65269,0.046
-3.68145,0.044
-3.6698,0.045
-3.68159,0.045
-3.65084,0.05003
-3.3865,0.04896
-3.67779,0.048
-3.35803,0.056
-3.38708,0.041
-3.69645,0.042
-3.62364,0.046
-3.69886,0.045
-3.65708,0.044
-3.68219,0.045
-3.3865,0.042
Michalewicz,10
-7.50327,0.429
-7.9806,0.398
-7.90977,0.422
-7.77548,0.43
-7.73373,0.406
-7.35827,0.429
-7.53988,0.429
-7.65565,0.441
-7.43069,0.416
-8.09863,0.434
-7.64656,0.415
-7.92098,0.426
-8.25827,0.423
-7.7953,0.429
-7.63259,0.405
-7.77684,0.43
-7.34286,0.42
-7.6708,0.417
-7.6747,0.417
-7.74069,0.43
-8.07256,0.41299
-7.36327,0.407
-8.12576,0.412
-7.86743,0.43304
-7.71954,0.42096
-7.79036,0.423
-7.38046,0.406
-8.0654,0.406
-7.93997,0.421
-7.53191,0.419
Michalewicz,30
-23.59425,11.97498
-23.04037,12.04798
-24.07615,12.15198
-23.74545,11.92598
-24.24114,12.15098
-24.28523,12.23407
-24.48421,12.31398
-24.02556,12.13098
-24.27603,12.13998
-24.01466,12.12398
-23.75371,11.98399
-23.12058,11.93698
-24.05693,12.25207
-23.96699,12.21759
-23.53875,12.30059
-24.26749,12.43298
-23.64527,12.10198
-23.49239,11.92799
-23.64272,11.99098
-24.41518,12.12899
-25.09037,11.70298
-25.01507,12.19398
-23.74839,12.25698
-23.85879,12.12598
-24.30085,12.33098
-23.75021,12.13
-23.47556,12.06998
-24.3852,11.93898
-23.68035,11.95498
-23.24437,11.99599
Rastrigin,5
5.70244,0.068
1.23582,0.057
6.21061,0.048
4.46662,0.044
3.70747,0.045
5.69739,0.045
3.4666,0.044
4.97967,0.042
4.46662,0.046
2.47165,0.04443
6.21567,0.039
4.70748,0.043
2.23078,0.041
2.23078,0.043
4.70748,0.04
3.23079,0.041
3.4666,0.038
3.46661,0.041
2.23078,0.038
3.22574,0.039
0.99496,0.039
2.23078,0.041
6.23081,0.044
3.70747,0.041
4.46662,0.042
5.23585,0.041
1.23582,0.042
1.98992,0.052
7.23587,0.039
5.98995,0.04
Rastrigin,10
9.1741,0.405
14.8415,0.398
6.46159,0.395
9.44646,0.389
12.68229,0.38
15.67727,0.4
13.41619,0.4
11.908,0.406
11.63092,0.387
10.40487,0.432
12.09749,0.40002
13.89791,0.409
11.37995,0.40601
6.45653,0.416
14.39984,0.39701
10.4515,0.413
16.63094,0.391
11.62586,0.414
12.43134,0.394
17.45661,0.41201
9.44141,0.402
10.91304,0.39399
9.91808,0.404
16.34968,0.393
13.19552,0.406
14.93832,0.397
12.90295,0.397
17.89794,0.39
15.17413,0.399
14.3847,0.404
Rastrigin,30
56.04637,12.51898
55.35527,12.31698
56.21551,12.45998
47.51261,12.84198
55.93088,12.48898
53.67748,12.69098
54.43662,12.49898
48.11258,12.59298
49.73924,12.70598
49.35018,12.73598
51.05111,12.43998
48.39683,12.44298
47.95441,12.49398
43.67805,12.47198
54.09926,12.51798
51.77199,12.69334
53.86849,12.23999
48.67776,12.49198
47.22247,12.25898
56.60623,12.78898
49.60741,12.91107
52.80701,12.80904
49.93972,13.14998
50.0844,12.54198
46.95101,13.06799
57.73043,13.69598
46.83221,12.67698
40.84195,12.76198
47.92992,13.47898
50.92459,12.42099
De_Jong,5
0.0,0.067
0.0,0.075
0.0,0.059
0.0,0.057
0.0,0.048
0.0,0.055
0.0,0.047
0.0,0.047
0.0,0.047
0.0,0.047
0.0,0.042
0.0,0.045
0.0,0.046
0.0,0.056
0.0,0.047
0.0,0.047
0.0,0.046
0.0,0.043
0.0,0.048
0.0,0.045
0.0,0.046
0.0,0.043
0.0,0.045
0.0,0.046
0.0,0.047
0.0,0.046
0.0,0.044
0.0,0.047
0.0,0.068
0.0,0.045
De_Jong,10
0.0,0.451
0.0,0.47
0.0,0.53
0.0,0.472
0.0,0.48899
0.0,0.47239
0.0,0.478
0.0,0.506
0.0,0.49098
0.0,0.479
0.0,0.474
0.0,0.458
0.0,0.457
0.0,0.489
0.0,0.46
0.0,0.465
0.0,0.469
0.0,0.461
0.0,0.46
0.0,0.472
0.0,0.45701
0.0,0.461
0.0,0.488
0.0,0.481
0.0,0.482
0.0,0.485
0.0,0.465
0.0,0.46
0.0,0.462
0.0,0.47801
De_Jong,30
0.0,15.04699
0.0,14.946
0.0,14.79698
0.0,15.19998
0.0,14.76898
0.0,14.76598
0.0,14.77398
0.0,14.98198
0.0,14.52198
0.0,15.00498
0.0,15.49098
0.0,15.07799
0.0,15.35446
0.0,14.86298
0.0,14.99299
0.0,15.00699
0.0,15.08898
0.0,14.84398
0.0,14.41899
0.0,14.71398
0.0,14.84598
0.0,14.81098
0.0,14.89899
0.0,14.42019
0.0,14.56398
0.0,14.71398
0.0,14.81498
0.0,14.89398
0.0,14.82798
0.0,15.08098
